For time: 0

x_t
-0.775505 -0.551262 -0.717009 0.0424218 -0.240806 0.28053 -0.295725 1.31761 0.174689 -0.164934 
-1.51586 0.723404 -0.941315 -1.49381 0.27485 -1.19704 -2.19837 1.23017 1.21678 -0.733292 
-0.379326 0.922416 0.364523 -0.738116 -0.970408 -1.39878 -0.794974 0.836037 1.46439 0.774962 
a_prev
1.55726 -0.355039 0.288776 0.345314 -0.154186 -0.57117 -0.64648 -0.128973 -0.631247 0.859225 
0.605113 -0.152462 -0.744802 0.597722 0.476888 -0.925345 0.338827 -0.69892 -0.413542 -0.563055 
-1.4425 1.3499 -0.613612 -2.70625 -0.652232 0.443834 0.211511 -1.03554 1.98142 -1.32822 
-0.96022 1.6803 -0.100191 1.45362 -1.33023 1.35425 1.06967 1.24105 1.00304 -0.467611 
-1.5747 0.0856952 0.089589 -0.60909 -0.427999 1.02002 0.529359 -0.155978 1.09324 -0.165559 
c_prev
0 0 0 0 0 0 0 0 0 0 
0 0 0 0 0 0 0 0 0 0 
0 0 0 0 0 0 0 0 0 0 
0 0 0 0 0 0 0 0 0 0 
0 0 0 0 0 0 0 0 0 0 
xt
-0.775505 -0.551262 -0.717009 0.0424218 -0.240806 0.28053 -0.295725 1.31761 0.174689 -0.164934 
-1.51586 0.723404 -0.941315 -1.49381 0.27485 -1.19704 -2.19837 1.23017 1.21678 -0.733292 
-0.379326 0.922416 0.364523 -0.738116 -0.970408 -1.39878 -0.794974 0.836037 1.46439 0.774962 
ft
0.286879 0.0364799 0.109599 0.916122 0.067316 0.943491 0.965022 0.0349114 0.0363818 0.104907 
0.00786898 0.951464 0.232359 0.118747 0.00379222 0.80657 0.92526 0.0294671 0.937097 0.0336375 
0.435992 0.664748 0.649633 0.895994 0.188915 0.889084 0.940573 0.662962 0.663177 0.617506 
0.0182684 0.412188 0.0930499 0.0200893 0.696174 0.712111 0.406441 0.215459 0.822394 0.0392011 
0.390024 0.0877296 0.371754 0.643635 0.954592 0.0337742 0.00749806 0.990392 0.208395 0.802996 
it
0.964785 0.896141 0.994856 0.629988 0.822936 0.967201 0.980868 0.301805 0.911419 0.983641 
0.545853 0.301263 0.857266 0.97672 0.197226 0.844858 0.499957 0.978006 0.307822 0.946646 
0.62684 0.763174 0.749714 0.451563 0.631066 0.661062 0.632865 0.850607 0.725825 0.699343 
0.981804 0.0640778 0.473484 0.642186 0.233748 0.286222 0.479604 0.189183 0.0236737 0.73937 
0.99516 0.0300498 0.414158 0.999298 0.979921 0.0559757 0.309496 0.899215 0.00446489 0.888495 
cct
-0.664295 -0.137601 -0.99481 -0.999999 -0.886609 -0.999999 -0.999999 -0.251598 0.912973 -0.832615 
0.999994 -0.993655 0.982017 0.999972 0.990488 0.480372 0.995844 -0.992913 -0.999974 0.98371 
0.883377 -0.73219 -0.602741 0.91978 0.7065 -0.999908 -0.998828 0.987549 -0.801518 0.883078 
-0.250127 -0.861526 -0.724519 -0.991059 0.88857 -0.999688 -0.978954 -0.653594 0.4532 0.0589446 
0.369118 -0.994768 -0.169998 0.754224 -0.196603 -0.988412 -0.996141 0.987313 -0.830728 0.98309 
c_next
-0.640902 -0.12331 -0.989693 -0.629988 -0.729623 -0.967201 -0.980866 -0.0759334 0.8321 -0.818994 
0.54585 -0.299351 0.84185 0.976693 0.19535 0.405846 0.497879 -0.971075 -0.307814 0.931224 
0.553736 -0.558788 -0.451883 0.415338 0.445849 -0.661001 -0.632123 0.840016 -0.581761 0.617575 
-0.245575 -0.0552047 -0.343048 -0.636445 0.207701 -0.286133 -0.46951 -0.123649 0.0107289 0.0435819 
0.367331 -0.0298926 -0.0704061 0.753694 -0.192656 -0.055327 -0.308302 0.887807 -0.0037091 0.873471 
ot
0.953895 0.84355 0.447683 0.982973 0.392936 0.0902141 0.279304 0.947145 0.379116 0.768231 
0.161668 0.964119 0.579438 0.517612 0.626784 0.964685 0.980799 0.229301 0.936909 0.125542 
0.944487 0.0368003 0.0525816 0.652083 0.805511 0.0244725 0.199564 0.0189141 0.00615945 0.0938161 
0.25324 0.262963 0.338251 0.000171548 0.693201 0.0451109 0.147626 0.00148297 0.764819 0.13929 
0.916164 0.814669 0.83167 0.94201 0.160449 0.0444089 0.404883 0.871973 0.647157 0.948072 
a_next
-0.53944 -0.103494 -0.338999 -0.548542 -0.244734 -0.0674325 -0.210439 -0.0717821 0.258407 -0.518189 
0.0804139 -0.280288 0.397951 0.389053 0.120908 0.371346 0.451607 -0.171787 -0.279618 0.0917918 
0.475375 -0.0186606 -0.0222655 0.256266 0.337091 -0.0141703 -0.111659 0.0129716 -0.00322721 0.051546 
-0.0609687 -0.0145021 -0.111689 -9.64912e-05 0.141943 -0.0125666 -0.0646312 -0.000182439 0.00820538 0.00606666 
0.322174 -0.0243453 -0.0584581 0.600388 -0.0305345 -0.00245451 -0.121016 0.61937 -0.00240036 0.666621 
yt_pred
0.0617288 0.0220892 0.224772 0.208141 0.0746925 0.160642 0.25756 0.0255444 0.0126669 0.108652 
0.938271 0.977911 0.775228 0.791859 0.925307 0.839358 0.74244 0.974456 0.987333 0.891348 
For time: 1

x_t
0.705319 -0.856328 -0.021999 0.526864 -1.73146 -0.0369925 -1.63398 0.232378 1.68985 1.15782 
-0.77312 0.657307 -0.473934 1.46074 2.04982 0.927023 0.663531 -0.47333 0.190243 -0.774949 
-0.0124483 0.389388 0.30275 0.808651 0.767824 0.67484 0.612136 0.0284893 -1.54242 0.591384 
a_prev
-0.53944 -0.103494 -0.338999 -0.548542 -0.244734 -0.0674325 -0.210439 -0.0717821 0.258407 -0.518189 
0.0804139 -0.280288 0.397951 0.389053 0.120908 0.371346 0.451607 -0.171787 -0.279618 0.0917918 
0.475375 -0.0186606 -0.0222655 0.256266 0.337091 -0.0141703 -0.111659 0.0129716 -0.00322721 0.051546 
-0.0609687 -0.0145021 -0.111689 -9.64912e-05 0.141943 -0.0125666 -0.0646312 -0.000182439 0.00820538 0.00606666 
0.322174 -0.0243453 -0.0584581 0.600388 -0.0305345 -0.00245451 -0.121016 0.61937 -0.00240036 0.666621 
c_prev
-0.640902 -0.12331 -0.989693 -0.629988 -0.729623 -0.967201 -0.980866 -0.0759334 0.8321 -0.818994 
0.54585 -0.299351 0.84185 0.976693 0.19535 0.405846 0.497879 -0.971075 -0.307814 0.931224 
0.553736 -0.558788 -0.451883 0.415338 0.445849 -0.661001 -0.632123 0.840016 -0.581761 0.617575 
-0.245575 -0.0552047 -0.343048 -0.636445 0.207701 -0.286133 -0.46951 -0.123649 0.0107289 0.0435819 
0.367331 -0.0298926 -0.0704061 0.753694 -0.192656 -0.055327 -0.308302 0.887807 -0.0037091 0.873471 
xt
0.705319 -0.856328 -0.021999 0.526864 -1.73146 -0.0369925 -1.63398 0.232378 1.68985 1.15782 
-0.77312 0.657307 -0.473934 1.46074 2.04982 0.927023 0.663531 -0.47333 0.190243 -0.774949 
-0.0124483 0.389388 0.30275 0.808651 0.767824 0.67484 0.612136 0.0284893 -1.54242 0.591384 
ft
0.5091 0.0123494 0.180235 0.0412667 0.000858637 0.0341029 0.00799447 0.480313 0.809638 0.616531 
0.199929 0.206033 0.189963 0.1275 0.436934 0.119031 0.453278 0.252617 0.00603087 0.189344 
0.791843 0.319267 0.666638 0.433332 0.106757 0.40232 0.270512 0.715709 0.550025 0.875479 
0.681867 0.356574 0.410433 0.805301 0.488329 0.479092 0.283862 0.509145 0.84391 0.579507 
0.320656 0.756311 0.493978 0.95177 0.880197 0.873096 0.646524 0.396798 0.822682 0.547123 
it
0.921554 0.957124 0.924659 0.514167 0.908754 0.731607 0.962652 0.948127 0.309516 0.893012 
0.451464 0.443194 0.377028 0.391944 0.126613 0.38832 0.169716 0.690595 0.734464 0.751156 
0.82052 0.686408 0.754814 0.563508 0.48637 0.604896 0.517338 0.602348 0.67577 0.785651 
0.541365 0.064379 0.347522 0.0230748 0.00308872 0.0910325 0.0199862 0.30879 0.789576 0.497699 
0.347927 0.469913 0.721175 0.716515 0.472047 0.808564 0.726947 0.449894 0.860141 0.513621 
cct
-0.933111 -0.694243 -0.86728 0.734747 0.530458 0.625451 -0.799894 -0.985748 -0.920902 -0.906356 
-0.130303 0.136039 0.755749 -0.994053 -0.796599 -0.748812 0.871102 0.300404 -0.594285 -0.637238 
-0.913208 0.498308 0.0979059 0.960492 0.968249 0.951329 0.907072 -0.750124 -0.899756 -0.429955 
0.382877 0.181225 0.758031 0.979064 0.81496 0.896681 0.846793 -0.204534 -0.957335 0.820316 
-0.539902 -0.73862 -0.525884 0.855816 -0.944061 0.484845 -0.928488 0.307104 0.684143 0.855301 
c_next
-1.1862 -0.666 -0.980315 0.351786 0.481429 0.4246 -0.777861 -0.971087 0.388666 -1.31432 
0.0503041 -0.0013847 0.444859 -0.265085 -0.0155045 -0.24247 0.373518 -0.037852 -0.438337 -0.302343 
-0.310834 0.16364 -0.227342 0.721224 0.518525 0.309521 0.298266 0.149371 -0.928011 0.202879 
0.0398266 -0.0080175 0.122634 -0.489938 0.103944 -0.055457 -0.116352 -0.126113 -0.746834 0.433526 
-0.0700597 -0.369695 -0.414034 1.33055 -0.615216 0.343722 -0.874285 0.490444 0.585408 0.917197 
ot
0.251587 0.610979 0.580263 0.633026 0.808685 0.810517 0.771955 0.319045 0.42437 0.324662 
0.816456 0.788588 0.792747 0.697941 0.915524 0.644283 0.905431 0.704693 0.404023 0.623913 
0.118251 0.122365 0.265278 0.117119 0.213454 0.249643 0.36523 0.0921139 0.369209 0.0518946 
0.483711 0.546878 0.469099 0.406515 0.795957 0.374545 0.758593 0.342755 0.0378375 0.252036 
0.358849 0.69322 0.727336 0.633766 0.794934 0.788258 0.8809 0.47547 0.023119 0.669021 
a_next
-0.208665 -0.355799 -0.437055 0.213936 0.361796 0.324854 -0.502911 -0.239022 0.157106 -0.280951 
0.0410365 -0.00109196 0.331102 -0.180798 -0.0141937 -0.153228 0.323297 -0.0266614 -0.166564 -0.183091 
-0.0356168 0.0198471 -0.0592908 0.0723407 0.101724 0.0748931 0.105816 0.0136577 -0.269399 0.0103862 
0.0192544 -0.0043845 0.0572408 -0.184626 0.0824382 -0.0207499 -0.0878676 -0.0429983 -0.0239608 0.102897 
-0.0250998 -0.245209 -0.285037 0.550985 -0.435456 0.260753 -0.619753 0.216134 0.0121741 0.484752 
yt_pred
0.0778846 0.0799795 0.270453 0.0118207 0.0270817 0.0142166 0.220856 0.054448 0.0298749 0.0397031 
0.922115 0.92002 0.729547 0.988179 0.972918 0.985783 0.779144 0.945552 0.970125 0.960297 
For time: 2

x_t
0.21744 -1.18428 -1.27126 0.916478 0.50664 -1.15363 -0.565382 0.0966407 0.986751 -1.15949 
-0.202021 -0.625686 -0.572415 -1.07965 0.398906 -0.00990444 -0.193885 0.042635 0.428319 0.714913 
3.54707 0.724793 -0.287795 1.38972 -0.784704 1.76826 0.504 0.431605 1.92362 0.521092 
a_prev
-0.208665 -0.355799 -0.437055 0.213936 0.361796 0.324854 -0.502911 -0.239022 0.157106 -0.280951 
0.0410365 -0.00109196 0.331102 -0.180798 -0.0141937 -0.153228 0.323297 -0.0266614 -0.166564 -0.183091 
-0.0356168 0.0198471 -0.0592908 0.0723407 0.101724 0.0748931 0.105816 0.0136577 -0.269399 0.0103862 
0.0192544 -0.0043845 0.0572408 -0.184626 0.0824382 -0.0207499 -0.0878676 -0.0429983 -0.0239608 0.102897 
-0.0250998 -0.245209 -0.285037 0.550985 -0.435456 0.260753 -0.619753 0.216134 0.0121741 0.484752 
c_prev
-1.1862 -0.666 -0.980315 0.351786 0.481429 0.4246 -0.777861 -0.971087 0.388666 -1.31432 
0.0503041 -0.0013847 0.444859 -0.265085 -0.0155045 -0.24247 0.373518 -0.037852 -0.438337 -0.302343 
-0.310834 0.16364 -0.227342 0.721224 0.518525 0.309521 0.298266 0.149371 -0.928011 0.202879 
0.0398266 -0.0080175 0.122634 -0.489938 0.103944 -0.055457 -0.116352 -0.126113 -0.746834 0.433526 
-0.0700597 -0.369695 -0.414034 1.33055 -0.615216 0.343722 -0.874285 0.490444 0.585408 0.917197 
xt
0.21744 -1.18428 -1.27126 0.916478 0.50664 -1.15363 -0.565382 0.0966407 0.986751 -1.15949 
-0.202021 -0.625686 -0.572415 -1.07965 0.398906 -0.00990444 -0.193885 0.042635 0.428319 0.714913 
3.54707 0.724793 -0.287795 1.38972 -0.784704 1.76826 0.504 0.431605 1.92362 0.521092 
ft
0.00423513 0.024079 0.0827267 0.481698 0.253176 0.0152099 0.0198281 0.107538 0.0294348 0.0177122 
0.477601 0.519631 0.434726 0.255606 0.027058 0.693401 0.181869 0.166528 0.0602211 0.501935 
0.845343 0.586877 0.50216 0.888356 0.40553 0.559612 0.514061 0.597778 0.702678 0.354105 
0.0418046 0.163597 0.326304 0.213206 0.587194 0.0887725 0.304976 0.464604 0.180377 0.423384 
0.773248 0.271234 0.236743 0.323904 0.698379 0.33233 0.573959 0.682368 0.934582 0.672173 
it
0.982679 0.992263 0.978812 0.972618 0.59315 0.992906 0.950577 0.918078 0.825841 0.971111 
0.798321 0.339371 0.193084 0.856267 0.464571 0.572793 0.215409 0.557338 0.869161 0.429102 
0.932964 0.825634 0.701281 0.790009 0.680628 0.624498 0.877917 0.72503 0.850234 0.514397 
0.400187 0.201543 0.140223 0.806499 0.594642 0.125924 0.282374 0.211658 0.490675 0.0155975 
0.267916 0.346621 0.646898 0.300548 0.814886 0.219807 0.634983 0.557773 0.665611 0.375441 
cct
0.999161 -0.944127 -0.99796 0.241524 -0.414214 0.387333 -0.381497 -0.730693 0.992545 -0.95643 
-0.975015 0.957231 0.994188 -0.572415 -0.0146744 0.154971 0.804308 -0.218786 -0.98312 0.0558891 
0.997598 -0.190145 -0.65189 -0.0542979 -0.365219 0.835139 0.421077 0.205514 0.989455 0.455037 
0.99946 0.521135 -0.211356 0.863258 -0.826431 0.865238 0.813349 0.597416 0.975856 0.385139 
0.980914 -0.971366 -0.994774 0.975528 -0.369422 0.162333 -0.959094 0.101724 0.994949 -0.730284 
c_next
0.976831 -0.952859 -1.05791 0.404365 -0.123805 0.391043 -0.378065 -0.775262 0.831124 -0.952079 
-0.754349 0.324137 0.385354 -0.557898 -0.00723681 -0.0793627 0.241187 -0.128241 -0.880887 -0.127774 
0.667962 -0.0609534 -0.57132 0.597808 -0.0383006 0.694753 0.522998 0.238294 0.189175 0.30591 
0.401635 0.10372 0.0103789 0.591759 -0.430396 0.104032 0.194184 0.0678548 0.344116 0.189555 
0.208629 -0.43697 -0.741537 0.724163 -0.730691 0.149911 -1.11081 0.391402 1.20936 0.342337 
ot
0.906126 0.574685 0.531061 0.484413 0.729326 0.74897 0.70458 0.519449 0.867065 0.496677 
0.294188 0.896008 0.951361 0.307503 0.577835 0.652413 0.868068 0.703431 0.162859 0.878044 
0.00790449 0.131305 0.43006 0.0278092 0.475949 0.0469801 0.287001 0.11096 0.0292663 0.0857234 
0.60092 0.733489 0.624991 0.411536 0.135605 0.781794 0.626882 0.400917 0.170896 0.636925 
0.999251 0.901453 0.613211 0.928847 0.176651 0.981799 0.819521 0.67041 0.972976 0.732411 
a_next
0.681127 -0.425884 -0.41681 0.185859 -0.0898354 0.278811 -0.254372 -0.337631 0.59054 -0.3679 
-0.187614 0.280668 0.349481 -0.155725 -0.00418161 -0.0516689 0.205399 -0.0897175 -0.115119 -0.111585 
0.00461336 -0.00799357 -0.222052 0.0148915 -0.0182202 0.0282363 0.137763 0.0259518 0.00547135 0.0254352 
0.229159 0.0758055 0.00648647 0.218591 -0.0550084 0.0810391 0.120223 0.0271624 0.0565919 0.119307 
0.2055 -0.370614 -0.386368 0.575403 -0.11014 0.14609 -0.659181 0.249774 0.813883 0.241375 
yt_pred
0.0111337 0.22955 0.31577 0.0239447 0.0515632 0.026537 0.139116 0.0547914 0.0115088 0.0598451 
0.988866 0.77045 0.68423 0.976055 0.948437 0.973463 0.860884 0.945209 0.988491 0.940155 
For time: 3

x_t
2.0079 0.811184 3.43852 0.526403 -1.06321 0.316073 0.613417 -2.37247 1.1568 -0.463571 
-0.032055 0.97049 0.974593 0.22089 -0.215555 0.793736 -0.410131 1.14687 -0.267459 -1.34908 
-0.63228 -0.949861 -1.69039 0.0671409 1.16574 -0.507201 -0.639139 0.28453 0.128392 0.395742 
a_prev
0.681127 -0.425884 -0.41681 0.185859 -0.0898354 0.278811 -0.254372 -0.337631 0.59054 -0.3679 
-0.187614 0.280668 0.349481 -0.155725 -0.00418161 -0.0516689 0.205399 -0.0897175 -0.115119 -0.111585 
0.00461336 -0.00799357 -0.222052 0.0148915 -0.0182202 0.0282363 0.137763 0.0259518 0.00547135 0.0254352 
0.229159 0.0758055 0.00648647 0.218591 -0.0550084 0.0810391 0.120223 0.0271624 0.0565919 0.119307 
0.2055 -0.370614 -0.386368 0.575403 -0.11014 0.14609 -0.659181 0.249774 0.813883 0.241375 
c_prev
0.976831 -0.952859 -1.05791 0.404365 -0.123805 0.391043 -0.378065 -0.775262 0.831124 -0.952079 
-0.754349 0.324137 0.385354 -0.557898 -0.00723681 -0.0793627 0.241187 -0.128241 -0.880887 -0.127774 
0.667962 -0.0609534 -0.57132 0.597808 -0.0383006 0.694753 0.522998 0.238294 0.189175 0.30591 
0.401635 0.10372 0.0103789 0.591759 -0.430396 0.104032 0.194184 0.0678548 0.344116 0.189555 
0.208629 -0.43697 -0.741537 0.724163 -0.730691 0.149911 -1.11081 0.391402 1.20936 0.342337 
xt
2.0079 0.811184 3.43852 0.526403 -1.06321 0.316073 0.613417 -2.37247 1.1568 -0.463571 
-0.032055 0.97049 0.974593 0.22089 -0.215555 0.793736 -0.410131 1.14687 -0.267459 -1.34908 
-0.63228 -0.949861 -1.69039 0.0671409 1.16574 -0.507201 -0.639139 0.28453 0.128392 0.395742 
ft
0.900381 0.136891 0.830467 0.420654 0.0160206 0.222272 0.290381 0.00262671 0.847042 0.297546 
0.0162474 0.0124593 0.000241096 0.168233 0.484861 0.05695 0.0411943 0.66265 0.129097 0.585016 
0.74122 0.34626 0.582594 0.634955 0.544202 0.375884 0.621645 0.145654 0.778173 0.815081 
0.657476 0.842836 0.968105 0.551428 0.138301 0.662881 0.554048 0.388409 0.522396 0.233594 
0.688963 0.943748 0.994292 0.618255 0.413608 0.789932 0.545025 0.644897 0.455003 0.119422 
it
0.327029 0.25805 0.00650724 0.815285 0.988733 0.634298 0.733235 0.986796 0.792309 0.992077 
0.872702 0.331019 0.70785 0.743019 0.425348 0.54123 0.365097 0.168659 0.856477 0.578755 
0.607707 0.741548 0.845304 0.508594 0.763076 0.485751 0.871382 0.410588 0.424309 0.797248 
0.897693 0.211043 0.839492 0.253567 0.161741 0.2032 0.74832 0.0027367 0.62739 0.430497 
0.820555 0.926365 0.991346 0.584214 0.381055 0.776438 0.786011 0.381178 0.6175 0.269827 
cct
-0.269927 -0.657476 0.321176 -0.872665 -0.479658 -0.702707 -0.823741 -0.986432 -0.747608 -0.99706 
-0.90727 -0.642744 -0.992773 -0.712703 0.768869 -0.568894 0.649471 0.832589 -0.758781 0.957309 
-0.606014 0.315642 0.326217 -0.170535 0.628505 0.0851398 -0.715621 0.584488 -0.408386 -0.901028 
-0.884945 -0.168081 -0.26085 -0.365295 0.801286 -0.607459 -0.53013 0.241768 -0.333072 -0.104927 
0.983309 -0.489198 0.982123 0.797287 -0.743655 0.347974 -0.890425 -0.990157 0.986873 -0.882862 
c_next
0.791246 -0.300099 -0.876472 -0.541373 -0.476237 -0.358807 -0.713779 -0.975443 0.11166 -1.27245 
-0.804033 -0.208722 -0.702641 -0.623408 0.323528 -0.312422 0.247055 0.0554446 -0.763599 0.479297 
0.126828 0.212958 -0.0570951 0.292848 0.458754 0.302503 -0.298461 0.274692 -0.0260705 -0.469 
-0.530343 0.0519464 -0.208933 0.233686 0.0700767 -0.0544754 -0.28912 0.027017 -0.0292015 -0.000891704 
0.950597 -0.865565 0.23632 0.913504 -0.585593 0.3886 -1.3053 -0.125012 1.15966 -0.197337 
ot
0.661724 0.661727 0.650362 0.541353 0.695439 0.641238 0.646246 0.533752 0.508233 0.336126 
0.19212 0.743558 0.232563 0.56069 0.793109 0.598138 0.769718 0.959976 0.299217 0.873817 
0.216097 0.523951 0.602276 0.106439 0.101547 0.308516 0.444186 0.188932 0.10293 0.077611 
0.0240464 0.100683 0.00439512 0.163615 0.723811 0.173263 0.168847 0.85881 0.129382 0.537675 
0.151508 0.0920923 0.00969757 0.459581 0.949974 0.218634 0.264242 0.713692 0.476099 0.795445 
a_next
0.436152 -0.192829 -0.458276 -0.267443 -0.308236 -0.22069 -0.396176 -0.400894 0.0565148 -0.287206 
-0.128007 -0.152982 -0.140943 -0.31034 0.248 -0.18102 0.186386 0.053171 -0.192454 0.389443 
0.0272611 0.109923 -0.0343497 0.030309 0.0435707 0.0905809 -0.128771 0.0506309 -0.00268283 -0.0339464 
-0.011678 0.00522542 -0.000905154 0.0375533 0.0506394 -0.00942924 -0.0475008 0.0231968 -0.00377708 -0.000479447 
0.112124 -0.064383 0.00225 0.33219 -0.500369 0.0809279 -0.228063 -0.0887581 0.390843 -0.154965 
yt_pred
0.014524 0.0333081 0.0614144 0.023773 0.170315 0.0310084 0.168975 0.0969894 0.0209255 0.237006 
0.985476 0.966692 0.938586 0.976227 0.829685 0.968992 0.831025 0.903011 0.979074 0.762994 
For time: 4

x_t
0.713003 0.319488 -0.139866 0.320016 -1.04169 -0.914383 0.0396837 1.0328 0.077208 0.231552 
-0.570976 1.67505 -0.65434 0.11079 -0.28072 -2.73082 -1.17463 2.40883 1.06039 0.590732 
-1.91566 2.23265 2.10344 -1.20585 0.474588 1.04217 -1.4908 -0.681942 -1.78355 -0.930665 
a_prev
0.436152 -0.192829 -0.458276 -0.267443 -0.308236 -0.22069 -0.396176 -0.400894 0.0565148 -0.287206 
-0.128007 -0.152982 -0.140943 -0.31034 0.248 -0.18102 0.186386 0.053171 -0.192454 0.389443 
0.0272611 0.109923 -0.0343497 0.030309 0.0435707 0.0905809 -0.128771 0.0506309 -0.00268283 -0.0339464 
-0.011678 0.00522542 -0.000905154 0.0375533 0.0506394 -0.00942924 -0.0475008 0.0231968 -0.00377708 -0.000479447 
0.112124 -0.064383 0.00225 0.33219 -0.500369 0.0809279 -0.228063 -0.0887581 0.390843 -0.154965 
c_prev
0.791246 -0.300099 -0.876472 -0.541373 -0.476237 -0.358807 -0.713779 -0.975443 0.11166 -1.27245 
-0.804033 -0.208722 -0.702641 -0.623408 0.323528 -0.312422 0.247055 0.0554446 -0.763599 0.479297 
0.126828 0.212958 -0.0570951 0.292848 0.458754 0.302503 -0.298461 0.274692 -0.0260705 -0.469 
-0.530343 0.0519464 -0.208933 0.233686 0.0700767 -0.0544754 -0.28912 0.027017 -0.0292015 -0.000891704 
0.950597 -0.865565 0.23632 0.913504 -0.585593 0.3886 -1.3053 -0.125012 1.15966 -0.197337 
xt
0.713003 0.319488 -0.139866 0.320016 -1.04169 -0.914383 0.0396837 1.0328 0.077208 0.231552 
-0.570976 1.67505 -0.65434 0.11079 -0.28072 -2.73082 -1.17463 2.40883 1.06039 0.590732 
-1.91566 2.23265 2.10344 -1.20585 0.474588 1.04217 -1.4908 -0.681942 -1.78355 -0.930665 
ft
0.92553 0.00126592 0.0167246 0.437113 0.0227619 0.380898 0.717567 0.0252008 0.380159 0.21287 
0.0351005 0.0873989 0.444542 0.0638101 0.360691 0.865839 0.0873356 0.00484733 0.0340166 0.0401393 
0.579332 0.389256 0.808005 0.483892 0.499603 0.927593 0.666416 0.15454 0.221706 0.369757 
0.753162 0.304834 0.10283 0.799056 0.215179 0.0514589 0.625327 0.930544 0.894798 0.7794 
0.285413 0.981207 0.557401 0.664639 0.378906 0.0110438 0.239398 0.995034 0.831918 0.826019 
it
0.73201 0.775089 0.989615 0.819318 0.974891 0.999472 0.918724 0.0785157 0.549077 0.528021 
0.581391 0.63952 0.699445 0.552833 0.236999 0.616288 0.351691 0.388954 0.422729 0.278474 
0.487813 0.851601 0.920793 0.618326 0.809412 0.892597 0.750806 0.642648 0.322531 0.599129 
0.773216 0.0649651 0.368119 0.211228 0.206607 0.835684 0.628394 0.036463 0.066393 0.160459 
0.794972 0.500617 0.246716 0.629073 0.564629 0.0870023 0.800144 0.929842 0.823394 0.90556 
cct
-0.998841 0.999521 0.557969 -0.997973 -0.835825 -0.998196 -0.999843 0.746314 -0.997325 -0.946376 
0.920596 -0.998972 -0.320746 0.384671 0.936965 0.99849 0.995929 -0.996425 0.108257 0.344993 
-0.990334 0.998425 0.82108 -0.937546 0.217851 -0.980218 -0.985112 0.934389 -0.830481 -0.0249419 
-0.990983 0.994836 0.979599 -0.903487 0.514793 0.0854532 -0.907471 0.401995 -0.961112 -0.235666 
-0.533003 0.961454 0.336353 -0.701188 -0.977166 -0.965182 -0.981345 0.634198 -0.609007 -0.708654 
c_next
0.00116052 0.774337 0.537516 -1.0543 -0.825678 -1.13434 -1.43076 0.0340154 -0.505159 -0.770571 
0.507004 -0.657105 -0.536698 0.172879 0.338753 0.34485 0.371836 -0.387295 0.0197883 0.11531 
-0.409623 0.933154 0.709912 -0.438002 0.405526 -0.59434 -0.938527 0.642934 -0.273636 -0.188359 
-1.16568 0.0804647 0.339124 -0.00411374 0.121439 0.0686086 -0.751044 0.0397985 -0.0899406 -0.0385097 
-0.15241 -0.367978 0.214709 0.166052 -0.773621 -0.0796814 -1.0977 0.465313 0.463287 -0.804734 
ot
0.309467 0.893068 0.67078 0.234988 0.720095 0.291742 0.274984 0.708469 0.315183 0.595347 
0.676813 0.337677 0.631627 0.81676 0.894605 0.882854 0.906794 0.587441 0.805479 0.818805 
0.564321 0.0255941 0.0184657 0.224909 0.280451 0.0435342 0.558196 0.353858 0.486327 0.580705 
0.10688 0.420786 0.606592 0.196811 0.640479 0.803627 0.248157 0.0872524 0.168243 0.204459 
0.0230673 0.973682 0.987947 0.0543846 0.856379 0.964811 0.089717 0.0642635 0.016205 0.133745 
a_next
0.000359141 0.579998 0.329424 -0.184107 -0.488332 -0.23704 -0.245237 0.0240896 -0.146927 -0.385345 
0.316483 -0.194648 -0.309803 0.139811 0.291967 0.292931 0.322453 -0.216781 0.015937 0.0940004 
-0.219042 0.0187364 0.0112756 -0.0926595 0.10788 -0.0232041 -0.41002 0.2006 -0.129852 -0.108106 
-0.0879499 0.0337855 0.198171 -0.000809626 0.0773989 0.0550494 -0.157771 0.00347068 -0.0150912 -0.00786977 
-0.00348872 -0.342953 0.20892 0.00894857 -0.555816 -0.0767153 -0.0717443 0.0279164 0.00701289 -0.0891643 
yt_pred
0.148 0.0109935 0.0121866 0.10638 0.232148 0.177095 0.241235 0.0166806 0.0710662 0.126572 
0.852 0.989007 0.987813 0.89362 0.767852 0.822905 0.758765 0.983319 0.928934 0.873428 
For time: 5

x_t
-0.136682 -0.774331 0.54055 0.977498 -0.337466 -0.449377 -1.6649 1.7275 -1.49823 -0.505879 
-1.43476 0.247119 -1.79085 2.45113 -1.60677 1.57604 -0.143897 0.0763241 1.24846 0.80855 
-0.641111 -0.235595 -0.110568 0.655435 -0.0705226 1.15743 1.92495 0.067237 -0.16144 -0.918575 
a_prev
0.000359141 0.579998 0.329424 -0.184107 -0.488332 -0.23704 -0.245237 0.0240896 -0.146927 -0.385345 
0.316483 -0.194648 -0.309803 0.139811 0.291967 0.292931 0.322453 -0.216781 0.015937 0.0940004 
-0.219042 0.0187364 0.0112756 -0.0926595 0.10788 -0.0232041 -0.41002 0.2006 -0.129852 -0.108106 
-0.0879499 0.0337855 0.198171 -0.000809626 0.0773989 0.0550494 -0.157771 0.00347068 -0.0150912 -0.00786977 
-0.00348872 -0.342953 0.20892 0.00894857 -0.555816 -0.0767153 -0.0717443 0.0279164 0.00701289 -0.0891643 
c_prev
0.00116052 0.774337 0.537516 -1.0543 -0.825678 -1.13434 -1.43076 0.0340154 -0.505159 -0.770571 
0.507004 -0.657105 -0.536698 0.172879 0.338753 0.34485 0.371836 -0.387295 0.0197883 0.11531 
-0.409623 0.933154 0.709912 -0.438002 0.405526 -0.59434 -0.938527 0.642934 -0.273636 -0.188359 
-1.16568 0.0804647 0.339124 -0.00411374 0.121439 0.0686086 -0.751044 0.0397985 -0.0899406 -0.0385097 
-0.15241 -0.367978 0.214709 0.166052 -0.773621 -0.0796814 -1.0977 0.465313 0.463287 -0.804734 
xt
-0.136682 -0.774331 0.54055 0.977498 -0.337466 -0.449377 -1.6649 1.7275 -1.49823 -0.505879 
-1.43476 0.247119 -1.79085 2.45113 -1.60677 1.57604 -0.143897 0.0763241 1.24846 0.80855 
-0.641111 -0.235595 -0.110568 0.655435 -0.0705226 1.15743 1.92495 0.067237 -0.16144 -0.918575 
ft
0.758509 0.0683957 0.870263 0.00843498 0.286379 0.00388764 0.00415974 0.415442 0.00813838 0.0612101 
0.223956 0.151177 0.299366 0.010483 0.327781 0.14855 0.668251 0.0194915 0.230305 0.0701197 
0.762307 0.326479 0.891835 0.215358 0.796451 0.271693 0.529243 0.713537 0.152583 0.251146 
0.350113 0.265783 0.220773 0.781955 0.243066 0.42967 0.0625658 0.659785 0.50036 0.733326 
0.127134 0.42411 0.0628517 0.99622 0.102505 0.951011 0.554988 0.829898 0.825069 0.841459 
it
0.963248 0.941282 0.97885 0.135509 0.981621 0.74937 0.99417 0.553815 0.925549 0.775098 
0.469707 0.43059 0.820776 0.550448 0.300494 0.339391 0.390968 0.767019 0.230752 0.265149 
0.641763 0.578947 0.764785 0.649522 0.900595 0.643383 0.714479 0.842781 0.440968 0.579282 
0.688426 0.3283 0.92232 0.0348843 0.757642 0.0227734 0.0483614 0.788465 0.0106752 0.0488459 
0.768379 0.602322 0.342509 0.918205 0.520765 0.768386 0.578141 0.642863 0.712277 0.830245 
cct
-0.999139 -0.742382 -0.994654 0.993778 -0.992133 0.919973 -0.389265 0.634691 -0.950871 -0.988496 
0.996158 0.829146 0.934174 -0.999223 0.993186 -0.933857 0.927656 -0.964146 0.665287 0.664576 
-0.926983 -0.217797 -0.981563 0.997584 -0.923744 0.993245 0.979599 -0.19184 0.710206 -0.133226 
-0.630375 -0.818919 -0.898683 0.958293 -0.155939 0.967431 0.987342 0.113005 -0.0161812 -0.497354 
-0.822453 -0.808005 -0.0707146 0.978667 -0.990635 0.338385 -0.535134 0.919178 -0.937275 -0.930818 
c_next
-0.961539 -0.64583 -0.505837 0.125773 -1.21036 0.68499 -0.392948 0.365632 -0.884189 -0.813348 
0.581449 0.257683 0.606078 -0.548209 0.409484 -0.265715 0.611163 -0.747067 0.158074 0.184297 
-0.907162 0.178562 -0.117559 0.553626 -0.508938 0.477559 0.203195 0.297078 0.271426 -0.124481 
-0.842086 -0.247465 -0.754004 0.0302126 -0.088628 0.0515108 0.000759617 0.115359 -0.0451754 -0.0525338 
-0.651332 -0.642743 -0.0107256 1.06404 -0.595188 0.184232 -0.918596 0.977067 -0.285355 -1.44996 
ot
0.416749 0.741942 0.388401 0.872884 0.50423 0.871137 0.813962 0.565164 0.647032 0.500477 
0.822957 0.692662 0.599442 0.342135 0.9126 0.69051 0.81341 0.320394 0.898953 0.890113 
0.448462 0.351149 0.0990571 0.167022 0.311544 0.166826 0.100274 0.101927 0.338686 0.456912 
0.337512 0.401918 0.187943 0.11688 0.500102 0.459761 0.820032 0.100749 0.601679 0.324326 
0.434266 0.52785 0.584571 0.548398 0.702603 0.896637 0.993499 0.325746 0.490317 0.141542 
a_next
-0.310463 -0.422058 -0.181265 0.10921 -0.421933 0.518112 -0.304339 0.197901 -0.45843 -0.336037 
0.430997 0.174639 0.324514 -0.170786 0.35412 -0.179279 0.443264 -0.202936 0.140929 0.162213 
-0.322789 0.062044 -0.0115917 0.0840509 -0.14615 0.0741184 0.0200992 0.0294199 0.0897351 -0.056585 
-0.231841 -0.097479 -0.11982 0.00353017 -0.0442074 0.0236617 0.00062291 0.011571 -0.0271626 -0.0170224 
-0.248646 -0.299167 -0.00626965 0.431702 -0.37492 0.163346 -0.720518 0.244894 -0.136236 -0.126777 
yt_pred
0.298248 0.128885 0.14533 0.0183741 0.284073 0.0104304 0.286673 0.016337 0.124217 0.13525 
0.701752 0.871115 0.85467 0.981626 0.715927 0.98957 0.713327 0.983663 0.875783 0.86475 
For time: 6

x_t
0.271812 0.916755 -0.641611 -0.420925 -1.09539 2.31921 0.683613 -0.480348 -1.46545 -1.30204 
-0.534986 1.89038 -1.56623 0.397818 -0.22357 -1.3699 -1.06157 0.316568 1.30235 1.21838 
-0.466567 -0.467208 0.0163433 -0.937899 1.03592 0.060886 0.0385609 2.62737 -1.00828 -0.195593 
a_prev
-0.310463 -0.422058 -0.181265 0.10921 -0.421933 0.518112 -0.304339 0.197901 -0.45843 -0.336037 
0.430997 0.174639 0.324514 -0.170786 0.35412 -0.179279 0.443264 -0.202936 0.140929 0.162213 
-0.322789 0.062044 -0.0115917 0.0840509 -0.14615 0.0741184 0.0200992 0.0294199 0.0897351 -0.056585 
-0.231841 -0.097479 -0.11982 0.00353017 -0.0442074 0.0236617 0.00062291 0.011571 -0.0271626 -0.0170224 
-0.248646 -0.299167 -0.00626965 0.431702 -0.37492 0.163346 -0.720518 0.244894 -0.136236 -0.126777 
c_prev
-0.961539 -0.64583 -0.505837 0.125773 -1.21036 0.68499 -0.392948 0.365632 -0.884189 -0.813348 
0.581449 0.257683 0.606078 -0.548209 0.409484 -0.265715 0.611163 -0.747067 0.158074 0.184297 
-0.907162 0.178562 -0.117559 0.553626 -0.508938 0.477559 0.203195 0.297078 0.271426 -0.124481 
-0.842086 -0.247465 -0.754004 0.0302126 -0.088628 0.0515108 0.000759617 0.115359 -0.0451754 -0.0525338 
-0.651332 -0.642743 -0.0107256 1.06404 -0.595188 0.184232 -0.918596 0.977067 -0.285355 -1.44996 
xt
0.271812 0.916755 -0.641611 -0.420925 -1.09539 2.31921 0.683613 -0.480348 -1.46545 -1.30204 
-0.534986 1.89038 -1.56623 0.397818 -0.22357 -1.3699 -1.06157 0.316568 1.30235 1.21838 
-0.466567 -0.467208 0.0163433 -0.937899 1.03592 0.060886 0.0385609 2.62737 -1.00828 -0.195593 
ft
0.346211 0.0251263 0.460408 0.292336 0.0121446 0.955931 0.33314 0.00581848 0.0127279 0.00810721 
0.0506006 0.00610002 0.496081 0.165845 0.408699 0.0303608 0.0654126 0.544691 0.155873 0.185261 
0.619133 0.205243 0.779136 0.355212 0.533991 0.924601 0.78478 0.642893 0.114316 0.166319 
0.518114 0.883705 0.237897 0.700369 0.161759 0.419587 0.338302 0.0739139 0.758192 0.5671 
0.653009 0.989896 0.0733556 0.515247 0.526284 0.327821 0.404928 0.683326 0.810667 0.848636 
it
0.836913 0.151957 0.989635 0.891571 0.980049 0.734478 0.856142 0.985145 0.865955 0.89084 
0.406629 0.331623 0.359098 0.432169 0.280285 0.912634 0.403018 0.737902 0.101443 0.178179 
0.746558 0.738284 0.723604 0.384527 0.809267 0.833161 0.912681 0.772307 0.471105 0.527463 
0.489024 0.0821123 0.571346 0.0952291 0.128691 0.987084 0.880439 0.152144 0.00894598 0.0131524 
0.906734 0.922863 0.524637 0.598231 0.629232 0.629352 0.802973 0.226845 0.750011 0.754275 
cct
-0.976361 0.809681 -0.997521 -0.995666 -0.656556 -0.096745 -0.594057 0.984809 -0.992433 -0.921285 
0.943652 -0.983801 0.996123 0.619586 0.910615 -0.650403 0.85804 -0.921258 0.821533 0.582984 
-0.175605 0.91891 -0.896912 -0.823463 0.814475 -0.87028 -0.40522 0.98646 -0.0726753 0.724537 
0.350693 0.658483 0.0244217 -0.871778 0.918246 -0.494159 0.440334 0.987185 -0.530247 0.26235 
-0.507639 0.375635 -0.943331 -0.732156 -0.910419 0.988003 -0.73971 0.924374 -0.995428 -0.959182 
c_next
-1.15002 0.106809 -1.22007 -0.850939 -0.658156 0.583747 -0.639504 0.972307 -0.870656 -0.827311 
0.413138 -0.324679 0.65837 0.176848 0.422587 -0.601648 0.385783 -1.08672 0.107978 0.138019 
-0.692754 0.715065 -0.740604 -0.119989 0.387359 -0.283533 -0.210373 0.95284 -0.00320947 0.361463 
-0.264799 -0.164616 -0.165422 -0.0618587 0.103834 -0.466164 0.387944 0.158721 -0.0389952 -0.0263414 
-0.885619 -0.289588 -0.495693 0.110246 -0.886103 0.682196 -0.965932 0.877345 -0.977909 -1.95397 
ot
0.546455 0.723473 0.406046 0.345364 0.758801 0.532385 0.710195 0.84707 0.493225 0.657434 
0.75339 0.606002 0.887755 0.831877 0.868715 0.156046 0.712828 0.404095 0.960087 0.914263 
0.483077 0.391252 0.299062 0.305479 0.202088 0.0976105 0.38596 0.0160718 0.568987 0.393867 
0.263161 0.141197 0.647948 0.377007 0.689353 0.0516429 0.231393 0.672664 0.630731 0.593677 
0.407389 0.125343 0.741552 0.117458 0.951366 0.46056 0.670842 0.995038 0.125384 0.456493 
a_next
-0.44687 0.0769811 -0.340947 -0.23884 -0.437931 0.279706 -0.400948 0.635062 -0.3461 -0.446417 
0.294676 -0.190122 0.512481 0.145601 0.346711 -0.0839872 0.262121 -0.321529 0.103267 0.12539 
-0.289724 0.240167 -0.188263 -0.0364791 0.0745871 -0.0269573 -0.0800186 0.0119102 -0.00182614 0.136476 
-0.0681005 -0.0230356 -0.106218 -0.0232914 0.0713222 -0.0224695 0.0855198 0.105878 -0.024583 -0.0156347 
-0.28893 -0.0353162 -0.340167 0.0128971 -0.674959 0.273087 -0.501059 0.701588 -0.0943085 -0.43852 
yt_pred
0.28266 0.0155815 0.367397 0.10605 0.264072 0.0220076 0.236936 0.00580832 0.105911 0.118161 
0.71734 0.984418 0.632603 0.89395 0.735928 0.977992 0.763064 0.994192 0.894089 0.881839 
a
-0.53944 -0.208665 0.681127 0.436152 0.000359141 -0.310463 -0.44687   
-0.103494 -0.355799 -0.425884 -0.192829 0.579998 -0.422058 0.0769811   
-0.338999 -0.437055 -0.41681 -0.458276 0.329424 -0.181265 -0.340947   
-0.548542 0.213936 0.185859 -0.267443 -0.184107 0.10921 -0.23884   
-0.244734 0.361796 -0.0898354 -0.308236 -0.488332 -0.421933 -0.437931   
-0.0674325 0.324854 0.278811 -0.22069 -0.23704 0.518112 0.279706   
-0.210439 -0.502911 -0.254372 -0.396176 -0.245237 -0.304339 -0.400948   
-0.0717821 -0.239022 -0.337631 -0.400894 0.0240896 0.197901 0.635062   
0.258407 0.157106 0.59054 0.0565148 -0.146927 -0.45843 -0.3461   
-0.518189 -0.280951 -0.3679 -0.287206 -0.385345 -0.336037 -0.446417   
    
0.0804139 0.0410365 -0.187614 -0.128007 0.316483 0.430997 0.294676   
-0.280288 -0.00109196 0.280668 -0.152982 -0.194648 0.174639 -0.190122   
0.397951 0.331102 0.349481 -0.140943 -0.309803 0.324514 0.512481   
0.389053 -0.180798 -0.155725 -0.31034 0.139811 -0.170786 0.145601   
0.120908 -0.0141937 -0.00418161 0.248 0.291967 0.35412 0.346711   
0.371346 -0.153228 -0.0516689 -0.18102 0.292931 -0.179279 -0.0839872   
0.451607 0.323297 0.205399 0.186386 0.322453 0.443264 0.262121   
-0.171787 -0.0266614 -0.0897175 0.053171 -0.216781 -0.202936 -0.321529   
-0.279618 -0.166564 -0.115119 -0.192454 0.015937 0.140929 0.103267   
0.0917918 -0.183091 -0.111585 0.389443 0.0940004 0.162213 0.12539   
    
0.475375 -0.0356168 0.00461336 0.0272611 -0.219042 -0.322789 -0.289724   
-0.0186606 0.0198471 -0.00799357 0.109923 0.0187364 0.062044 0.240167   
-0.0222655 -0.0592908 -0.222052 -0.0343497 0.0112756 -0.0115917 -0.188263   
0.256266 0.0723407 0.0148915 0.030309 -0.0926595 0.0840509 -0.0364791   
0.337091 0.101724 -0.0182202 0.0435707 0.10788 -0.14615 0.0745871   
-0.0141703 0.0748931 0.0282363 0.0905809 -0.0232041 0.0741184 -0.0269573   
-0.111659 0.105816 0.137763 -0.128771 -0.41002 0.0200992 -0.0800186   
0.0129716 0.0136577 0.0259518 0.0506309 0.2006 0.0294199 0.0119102   
-0.00322721 -0.269399 0.00547135 -0.00268283 -0.129852 0.0897351 -0.00182614   
0.051546 0.0103862 0.0254352 -0.0339464 -0.108106 -0.056585 0.136476   
    
-0.0609687 0.0192544 0.229159 -0.011678 -0.0879499 -0.231841 -0.0681005   
-0.0145021 -0.0043845 0.0758055 0.00522542 0.0337855 -0.097479 -0.0230356   
-0.111689 0.0572408 0.00648647 -0.000905154 0.198171 -0.11982 -0.106218   
-9.64912e-05 -0.184626 0.218591 0.0375533 -0.000809626 0.00353017 -0.0232914   
0.141943 0.0824382 -0.0550084 0.0506394 0.0773989 -0.0442074 0.0713222   
-0.0125666 -0.0207499 0.0810391 -0.00942924 0.0550494 0.0236617 -0.0224695   
-0.0646312 -0.0878676 0.120223 -0.0475008 -0.157771 0.00062291 0.0855198   
-0.000182439 -0.0429983 0.0271624 0.0231968 0.00347068 0.011571 0.105878   
0.00820538 -0.0239608 0.0565919 -0.00377708 -0.0150912 -0.0271626 -0.024583   
0.00606666 0.102897 0.119307 -0.000479447 -0.00786977 -0.0170224 -0.0156347   
    
0.322174 -0.0250998 0.2055 0.112124 -0.00348872 -0.248646 -0.28893   
-0.0243453 -0.245209 -0.370614 -0.064383 -0.342953 -0.299167 -0.0353162   
-0.0584581 -0.285037 -0.386368 0.00225 0.20892 -0.00626965 -0.340167   
0.600388 0.550985 0.575403 0.33219 0.00894857 0.431702 0.0128971   
-0.0305345 -0.435456 -0.11014 -0.500369 -0.555816 -0.37492 -0.674959   
-0.00245451 0.260753 0.14609 0.0809279 -0.0767153 0.163346 0.273087   
-0.121016 -0.619753 -0.659181 -0.228063 -0.0717443 -0.720518 -0.501059   
0.61937 0.216134 0.249774 -0.0887581 0.0279164 0.244894 0.701588   
-0.00240036 0.0121741 0.813883 0.390843 0.00701289 -0.136236 -0.0943085   
0.666621 0.484752 0.241375 -0.154965 -0.0891643 -0.126777 -0.43852   
    
c
-0.640902 -1.1862 0.976831 0.791246 0.00116052 -0.961539 -1.15002   
-0.12331 -0.666 -0.952859 -0.300099 0.774337 -0.64583 0.106809   
-0.989693 -0.980315 -1.05791 -0.876472 0.537516 -0.505837 -1.22007   
-0.629988 0.351786 0.404365 -0.541373 -1.0543 0.125773 -0.850939   
-0.729623 0.481429 -0.123805 -0.476237 -0.825678 -1.21036 -0.658156   
-0.967201 0.4246 0.391043 -0.358807 -1.13434 0.68499 0.583747   
-0.980866 -0.777861 -0.378065 -0.713779 -1.43076 -0.392948 -0.639504   
-0.0759334 -0.971087 -0.775262 -0.975443 0.0340154 0.365632 0.972307   
0.8321 0.388666 0.831124 0.11166 -0.505159 -0.884189 -0.870656   
-0.818994 -1.31432 -0.952079 -1.27245 -0.770571 -0.813348 -0.827311   
    
0.54585 0.0503041 -0.754349 -0.804033 0.507004 0.581449 0.413138   
-0.299351 -0.0013847 0.324137 -0.208722 -0.657105 0.257683 -0.324679   
0.84185 0.444859 0.385354 -0.702641 -0.536698 0.606078 0.65837   
0.976693 -0.265085 -0.557898 -0.623408 0.172879 -0.548209 0.176848   
0.19535 -0.0155045 -0.00723681 0.323528 0.338753 0.409484 0.422587   
0.405846 -0.24247 -0.0793627 -0.312422 0.34485 -0.265715 -0.601648   
0.497879 0.373518 0.241187 0.247055 0.371836 0.611163 0.385783   
-0.971075 -0.037852 -0.128241 0.0554446 -0.387295 -0.747067 -1.08672   
-0.307814 -0.438337 -0.880887 -0.763599 0.0197883 0.158074 0.107978   
0.931224 -0.302343 -0.127774 0.479297 0.11531 0.184297 0.138019   
    
0.553736 -0.310834 0.667962 0.126828 -0.409623 -0.907162 -0.692754   
-0.558788 0.16364 -0.0609534 0.212958 0.933154 0.178562 0.715065   
-0.451883 -0.227342 -0.57132 -0.0570951 0.709912 -0.117559 -0.740604   
0.415338 0.721224 0.597808 0.292848 -0.438002 0.553626 -0.119989   
0.445849 0.518525 -0.0383006 0.458754 0.405526 -0.508938 0.387359   
-0.661001 0.309521 0.694753 0.302503 -0.59434 0.477559 -0.283533   
-0.632123 0.298266 0.522998 -0.298461 -0.938527 0.203195 -0.210373   
0.840016 0.149371 0.238294 0.274692 0.642934 0.297078 0.95284   
-0.581761 -0.928011 0.189175 -0.0260705 -0.273636 0.271426 -0.00320947   
0.617575 0.202879 0.30591 -0.469 -0.188359 -0.124481 0.361463   
    
-0.245575 0.0398266 0.401635 -0.530343 -1.16568 -0.842086 -0.264799   
-0.0552047 -0.0080175 0.10372 0.0519464 0.0804647 -0.247465 -0.164616   
-0.343048 0.122634 0.0103789 -0.208933 0.339124 -0.754004 -0.165422   
-0.636445 -0.489938 0.591759 0.233686 -0.00411374 0.0302126 -0.0618587   
0.207701 0.103944 -0.430396 0.0700767 0.121439 -0.088628 0.103834   
-0.286133 -0.055457 0.104032 -0.0544754 0.0686086 0.0515108 -0.466164   
-0.46951 -0.116352 0.194184 -0.28912 -0.751044 0.000759617 0.387944   
-0.123649 -0.126113 0.0678548 0.027017 0.0397985 0.115359 0.158721   
0.0107289 -0.746834 0.344116 -0.0292015 -0.0899406 -0.0451754 -0.0389952   
0.0435819 0.433526 0.189555 -0.000891704 -0.0385097 -0.0525338 -0.0263414   
    
0.367331 -0.0700597 0.208629 0.950597 -0.15241 -0.651332 -0.885619   
-0.0298926 -0.369695 -0.43697 -0.865565 -0.367978 -0.642743 -0.289588   
-0.0704061 -0.414034 -0.741537 0.23632 0.214709 -0.0107256 -0.495693   
0.753694 1.33055 0.724163 0.913504 0.166052 1.06404 0.110246   
-0.192656 -0.615216 -0.730691 -0.585593 -0.773621 -0.595188 -0.886103   
-0.055327 0.343722 0.149911 0.3886 -0.0796814 0.184232 0.682196   
-0.308302 -0.874285 -1.11081 -1.3053 -1.0977 -0.918596 -0.965932   
0.887807 0.490444 0.391402 -0.125012 0.465313 0.977067 0.877345   
-0.0037091 0.585408 1.20936 1.15966 0.463287 -0.285355 -0.977909   
0.873471 0.917197 0.342337 -0.197337 -0.804734 -1.44996 -1.95397   
    
y
0.0617288 0.0778846 0.0111337 0.014524 0.148 0.298248 0.28266   
0.0220892 0.0799795 0.22955 0.0333081 0.0109935 0.128885 0.0155815   
0.224772 0.270453 0.31577 0.0614144 0.0121866 0.14533 0.367397   
0.208141 0.0118207 0.0239447 0.023773 0.10638 0.0183741 0.10605   
0.0746925 0.0270817 0.0515632 0.170315 0.232148 0.284073 0.264072   
0.160642 0.0142166 0.026537 0.0310084 0.177095 0.0104304 0.0220076   
0.25756 0.220856 0.139116 0.168975 0.241235 0.286673 0.236936   
0.0255444 0.054448 0.0547914 0.0969894 0.0166806 0.016337 0.00580832   
0.0126669 0.0298749 0.0115088 0.0209255 0.0710662 0.124217 0.105911   
0.108652 0.0397031 0.0598451 0.237006 0.126572 0.13525 0.118161   
    
0.938271 0.922115 0.988866 0.985476 0.852 0.701752 0.71734   
0.977911 0.92002 0.77045 0.966692 0.989007 0.871115 0.984418   
0.775228 0.729547 0.68423 0.938586 0.987813 0.85467 0.632603   
0.791859 0.988179 0.976055 0.976227 0.89362 0.981626 0.89395   
0.925307 0.972918 0.948437 0.829685 0.767852 0.715927 0.735928   
0.839358 0.985783 0.973463 0.968992 0.822905 0.98957 0.977992   
0.74244 0.779144 0.860884 0.831025 0.758765 0.713327 0.763064   
0.974456 0.945552 0.945209 0.903011 0.983319 0.983663 0.994192   
0.987333 0.970125 0.988491 0.979074 0.928934 0.875783 0.894089   
0.891348 0.960297 0.940155 0.762994 0.873428 0.86475 0.881839   
    
